1699101902
1699148502
1699158062
1699184079
1700037018
1700064407
1700115824
1700145520
1700145577
1700145785
1700183162
1700188132
1700219650
1700234080
1700235462
1700293384
1700403368
1700404869
1700466813
1700467260
1700492884
1700540340
1700576130
1700648501
1700663959
1700703483
1700706567
1700719326
1700723360
1700725277
1700725448
1700735468
1700760081
1700811512
1700837831
1700843762
1700902898
1700917943
1700926088
1700971681
1701008919
1701055237
1701271857
1701272165
1701272369
1701313284
1701351162
1702111658
1702130373
1702193301
1702210233
1702216491
1702547619
1702554658
1702562942
1702566345
1703945339
